Name:    Marshal Pfluger
Course:  COSC 4302 Operating Systems
Project: Nine



Would you like to generate random cylinder requests?(y/n)
N

Enter cylinder requests (space-separated, only 0-4999): 
1000 3000 4250

Enter the initial head position: 
2500

FCFS total head Movement: 4750

SSTF total head movement: 5000

Scan total head movement: 6750

CScan total head movement: 9498

Look total head movement: 4750

CLook total head movement: 6000

Would you like to run the program again?(enter to rerun or 0 to exit)


Would you like to generate random cylinder requests?(y/n)
y

1700 287 3701 344 1331 238 4705 583 981 122 4150 1528 3142 2511 153 4691 3842 2532 4089 706 4599 3613 1584 760 3023 4729 93 1209 4092 1599 478 1670 1476 2642 4794 1409 3652 3126 3108 4399 2105 2613 4492 4798 545 3795 1328 268 2848 2234 1072 4297 4935 4827 2255 2603 311 674 3261 3580 627 3156 1273 4498 1594 1352 28 1395 1708 1399 4257 1698 2828 3993 2448 2226 1644 4022 314 3358 1015 3477 2622 2307 1063 1604 4354 1491 318 4461 3822 799 1178 3618 3938 3144 778 1557 1127 2506 277 1222 2203 3661 3362 2473 4910 3537 3217 2539 890 3069 4152 697 543 2388 3410 2477 788 2981 4427 2062 2058 2294 2190 4531 4306 3492 3575 1124 2455 4330 4420 1502 1990 3891 1846 1704 4210 2229 4726 1598 2884 4796 826 1194 1103 3784 1942 4937 649 3277 231 2433 4158 4165 2460 1605 1263 3980 373 4915 4552 2655 877 1107 2582 4217 3084 3428 3271 1812 661 2028 2172 2617 4647 611 2017 3228 1534 2749 3198 1494 1577 3794 2190 1480 4294 3044 2284 474 4194 109 3669 3653 3693 850 2360 3275 3697 2111 4106 1569 3803 3400 1687 3245 1963 2562 4587 2802 4526 3404 2494 4830 4155 1205 1165 2372 4730 3011 4141 4834 4319 1997 3443 1889 1446 1806 3343 4316 3089 2871 2015 3024 4317 4831 4568 4463 947 1105 1175 4152 514 2826 2205 1822 1481 630 1649 4147 1738 158 3295 3722 4410 1248 2566 174 3302 4220 4335 2025 3943 3958 4890 1221 4878 1756 83 2937 3778 1021 2713 1545 3446 3460 2951 1893 368 1721 4044 2555 3476 2634 4813 1235 2455 1763 2 1896 2071 167 3333 166 424 3473 2814 4124 977 916 1692 976 4693 403 2495 337 1366 1901 233 3253 12 3441 2075 1303 2650 1802 3147 4356 4257 3520 1738 4123 3390 2083 4668 2167 3199 2940 65 1834 2388 4145 1656 1327 848 3869 4987 236 1574 322 4894 738 1112 2468 649 1363 3930 1907 1845 3975 1469 3316 1843 3307 3264 1125 416 4831 2577 2403 109 681 4801 4026 4418 499 270 2568 2698 4782 2618 1086 1874 2682 776 1724 620 2139 2286 336 1192 2249 1934 3731 4113 2708 4015 3152 2077 930 3873 2794 4359 4847 2094 4152 1127 3240 2627 336 488 4812 1702 4214 1090 3799 4753 1158 3870 3644 4916 4774 4119 1078 3505 1745 856 1883 1313 3065 576 1686 2372 228 274 2039 2950 450 2113 2833 2620 1104 3209 432 3390 3164 1193 1301 4095 3782 1244 3240 4095 1359 1118 2849 2058 585 1732 3299 1897 2427 3292 13 4038 4999 4164 2101 1220 217 918 795 245 3414 4977 4560 4262 3343 3443 3098 1445 3009 2970 4877 371 146 1130 4071 4867 2169 2024 3439 1434 3962 1301 2307 3649 4662 1983 1446 2534 1811 4385 90 1385 2117 419 3743 626 3920 2772 4368 3112 1473 1107 54 3987 4800 1302 3563 4819 1420 561 4149 3082 2451 4056 870 3156 2228 240 4188 455 3411 247 1265 2981 4352 4724 137 422 4269 4369 4187 4819 1410 845 871 2181 1903 3798 2186 1988 645 995 4281 1299 4921 3864 4992 4745 1286 4899 4389 1723 3774 3611 885 3652 2437 384 2810 1294 3714 29 4585 1890 4914 1930 3868 932 1251 1886 648 4170 2682 4338 765 2467 4001 105 389 3724 1633 923 3771 1862 719 809 178 2827 4006 2610 2215 1095 354 4748 460 411 868 4487 3777 1772 3991 1187 4105 1954 2741 1489 526 1013 1382 3527 4058 586 4127 2397 4604 2163 1603 4445 1259 4509 3257 1856 3986 1851 3745 2546 1528 3760 4060 2671 4699 4401 1231 2496 1880 3808 3491 1614 2097 4101 4165 1887 715 1119 2821 4357 2523 1224 581 1748 2349 903 920 3372 4025 3743 708 4828 3370 4589 3549 4064 3612 2063 72 2601 1274 4767 320 99 1313 3055 3889 948 2364 2054 903 3311 588 24 4745 1824 564 676 80 4155 4663 3207 1342 3917 2262 3527 2525 956 2258 1378 645 3843 3914 2716 2000 1421 1842 766 742 3714 1744 1116 1209 4879 3564 4263 1108 2168 1811 4785 4093 2465 2240 3624 2763 1706 1816 2097 1750 4264 2040 2638 858 2072 2829 1634 3831 1999 480 4896 2881 3669 668 1252 14 2008 3965 777 4217 1765 151 4234 2643 1081 768 2020 4808 2789 291 3592 981 1632 3906 95 2276 3078 431 1493 777 3495 3351 1112 1613 2066 476 2914 4580 720 629 2562 1101 1573 76 1746 181 2192 3227 3769 1697 2996 2828 3159 326 1144 3828 3529 3702 3633 2500 4995 4434 4743 4172 3066 1822 292 2379 2284 2086 3313 2695 174 1307 3075 4733 373 2225 2906 3134 4241 3776 4291 1239 4211 925 427 3795 3456 4013 1003 1319 669 4046 3060 2753 2818 4609 3864 2630 779 1911 4919 4631 4313 1975 555 1127 1960 1202 2803 4276 1697 1171 1956 4535 2848 1926 4350 1105 4504 2284 3978 1292 402 2704 3498 4884 4884 2874 3384 4336 4166 2013 2112 4505 856 3542 1330 3837 655 4747 3463 1000 118 3046 3845 793 1561 3133 2165 3996 4597 4872 58 345 1147 3134 4636 2856 1140 3707 3890 4230 1998 402 4854 3297 717 4123 2115 4621 869 2202 33 2208 3931 4996 2161 976 2715 3542 2556 3935 2435 4380 1861 1224 2423 4474 3143 4537 2054 898 1289 140 3018 4091 2807 4220 4741 4811 2818 4457 3934 3017 311 79 1739 3001 2180 1393 1177 4605 4766 1822 246 44 1057 1165 4752 1889 4591 3627 662 723 3002 3286 4532 180 2676 4964 3548 1609 115 4589 1911 2141 4379 1434 468 1986 4859 4592 1039 1677 2633 2749 4299 4189 689 4830 2530 4880 3856 2106 576 1905 2456 1407 

Enter the initial head position: 
2500

FCFS total head Movement: 1643495

SSTF total head movement: 7508

Scan total head movement: 7499

CScan total head movement: 9998

Look total head movement: 7495

CLook total head movement: 9994

Would you like to run the program again?(enter to rerun or 0 to exit)
0

Program has terminated, have a great day